
Filename: 	123
25/3/2019	8:32 AM
Pitot_Cp	Venturi_k	Venturi_n	Nozzle_Diam [In]	DGM_Gamma
0,8400	0,7229	0,5082	0,2000	1,0020
% H2O
Estimate	% CO2
Estimate	% O2
Estimate	Temperature
Tstd [oF]	Pressure
Pstd [inHg] 	Port
Number	Traverse Points
at this port	Sample Time
at each pt [Minute]
1,000	0,000	20,800	68,000	29,920	1,000	1,000	15,000
Time 	Point	Minutes	Vol (DGM)	Volume,dscf	 Viscosity	 Reynolds	Cunningham	D50(pm10)	D50(pm2.5)	H2O% Vol	Wet Mol Wt	Vel, Stack	Vel, Nozzle	Isokinetic	Qv	Qdscfm	Stack	Probe	Filter Box	Dryer	Filter Out	DGM	aux	Console	Pitot	Static	Venturi	Barometer	Vacuum	NA6	NA7	NA8
8:33:24 AM	1,000	1,007	3,369	0,805	498,191	2298,774	1,646	6,520	1,283	1,000	28,724	0,000	260,958	Inf	3,415	0,806	1770,000	1770,000	1770,000	1770,000	1770,000	1770,000	1770,000	27,092	0,000	-0,364	8,313	30,152	0,317	0,000	0,000	0,000
8:34:24 AM	1,000	2,016	4,443	1,062	498,191	745,638	1,326	35,697	3,802	1,000	28,724	78,555	84,649	NaN	1,107	0,262	1770,000	1770,000	1770,000	1770,000	1770,000	1770,000	1770,000	27,061	0,804	-0,703	2,678	30,152	0,310	0,000	0,000	0,000
8:34:34 AM	1,000	2,174	4,443	1,062	498,191	1014,804	1,380	30,739	3,362	1,000	28,724	72,091	115,202	NaN	1,507	0,356	1770,000	1770,000	1770,000	1770,000	1770,000	1770,000	1770,000	27,066	0,744	-0,669	3,664	30,153	0,313	0,000	0,000	0,000

END
Paused for 

Filename: 	123
25/3/2019	8:34 AM
Pitot_Cp	Venturi_k	Venturi_n	Nozzle_Diam [In]	DGM_Gamma
0,8400	0,7229	0,5082	0,2000	1,0020
% H2O
Estimate	% CO2
Estimate	% O2
Estimate	Temperature
Tstd [oF]	Pressure
Pstd [inHg] 	Port
Number	Traverse Points
at this port	Sample Time
at each pt [Minute]
1,000	0,000	20,800	68,000	29,920	1,000	1,000	15,000
Time 	Point	Minutes	Vol (DGM)	Volume,dscf	 Viscosity	 Reynolds	Cunningham	D50(pm10)	D50(pm2.5)	H2O% Vol	Wet Mol Wt	Vel, Stack	Vel, Nozzle	Isokinetic	Qv	Qdscfm	Stack	Probe	Filter Box	Dryer	Filter Out	DGM	aux	Console	Pitot	Static	Venturi	Barometer	Vacuum	NA6	NA7	NA8
8:35:53 AM	1,000	3,176	7,131	1,705	498,191	1817,380	1,598	19,533	2,323	1,000	28,724	38,465	206,324	NaN	2,700	0,637	1770,000	1770,000	1770,000	1770,000	1770,000	1770,000	1770,000	27,018	0,398	-0,533	7,594	30,151	0,310	0,000	0,000	0,000
8:36:54 AM	1,000	4,185	11,081	2,649	498,191	2690,655	1,823	5,832	1,012	1,000	28,724	42,878	305,302	Inf	3,998	0,944	1770,000	1770,000	1770,000	1770,000	1770,000	1770,000	1770,000	26,988	0,828	-0,361	11,335	30,149	0,323	0,000	0,000	0,000
8:37:54 AM	1,000	5,194	12,437	2,973	498,191	939,185	1,398	34,338	3,595	1,000	28,724	14,834	106,571	NaN	1,396	0,329	1770,000	1770,000	1770,000	1770,000	1770,000	1770,000	1770,000	26,961	0,251	-0,364	3,903	30,151	0,323	0,000	0,000	0,000
8:38:55 AM	1,000	6,202	12,437	2,973	498,191	0,000	1,167	50,000	5,000	1,000	28,724	0,000	0,000	NaN	0,000	0,000	1770,000	1770,000	1770,000	1770,000	1770,000	1770,000	1770,000	26,934	0,000	-0,364	0,000	30,154	0,315	0,000	0,000	0,000
8:39:55 AM	1,000	7,210	12,437	2,973	498,191	0,000	1,167	50,000	5,000	1,000	28,724	0,000	0,000	NaN	0,000	0,000	1770,000	1770,000	1770,000	1770,000	1770,000	1770,000	1770,000	26,908	0,000	-0,363	0,000	30,149	0,314	0,000	0,000	0,000
8:40:56 AM	1,000	8,219	12,437	2,973	498,191	0,000	1,167	50,000	5,000	1,000	28,724	0,000	0,000	NaN	0,000	0,000	1770,000	1770,000	1770,000	1770,000	1770,000	1770,000	1770,000	26,886	0,000	-0,358	0,000	30,146	0,308	0,000	0,000	0,000
8:41:56 AM	1,000	9,227	12,437	2,973	498,191	0,000	1,167	50,000	5,000	1,000	28,724	0,000	0,000	NaN	0,000	0,000	1770,000	1770,000	1770,000	1770,000	1770,000	1770,000	1770,000	26,871	0,000	-0,358	0,000	30,146	0,305	0,000	0,000	0,000
8:42:57 AM	1,000	10,237	12,437	2,973	498,191	0,000	1,167	50,000	5,000	1,000	28,724	0,000	0,000	NaN	0,000	0,000	1770,000	1770,000	1770,000	1770,000	1770,000	1770,000	1770,000	26,858	0,000	-0,359	0,000	30,145	0,304	0,000	0,000	0,000
8:43:57 AM	1,000	11,245	12,437	2,973	498,191	0,000	1,167	50,000	5,000	1,000	28,724	0,000	0,000	NaN	0,000	0,000	1770,000	1770,000	1770,000	1770,000	1770,000	1770,000	1770,000	26,849	0,000	-0,359	0,000	30,149	0,325	0,000	0,000	0,000
8:44:58 AM	1,000	12,254	12,437	2,973	498,191	0,000	1,167	50,000	5,000	1,000	28,724	0,000	0,000	NaN	0,000	0,000	1770,000	1770,000	1770,000	1770,000	1770,000	1770,000	1770,000	26,843	0,000	-0,357	0,000	30,143	0,322	0,000	0,000	0,000
8:45:33 AM	1,000	12,844	NaN	NaN	NaN	NaN	NaN	NaN	NaN	1,000	28,724	NaN	NaN	NaN	NaN	NaN	NaN	NaN	NaN	NaN	NaN	NaN	NaN	NaN	0,134	NaN	NaN	NaN	NaN	0,000	0,000	0,000

END