
Filename: 	eng short
2/9/2018	1:28 PM
Pitot_Cp	Venturi_k	Venturi_n	Nozzle_Diam [In]	DGM_Gamma
0.8400	0.7159	0.5136	0.2000	1.0020
% H2O
Estimate	% CO2
Estimate	% O2
Estimate	Temperature
Tstd [oF]	Pressure
Pstd [inHg] 	Port
Number	Traverse Points
at this port	Sample Time
at each pt [Minute]
0.000	0.000	20.800	68.000	29.921	1.000	3.000	2.000
Time 	Point	Minutes	Vol (DGM)	Volume,dscf	 Viscosity	 Reynolds	Cunningham	D50(pm10)	D50(pm2.5)	H2O% Vol	Wet Mol Wt	Vel, Stack	Vel, Nozzle	Isokinetic	Qv	Qdscfm	Stack	Probe	Filter Box	Dryer	Filter Out	DGM	aux	Console	Pitot	Static	Venturi	Barometer	Vacuum	NA6	NA7	NA8
1:28:58 PM	1.000	0.265	0.136	0.136	186.100	3896.365	Inf	10.400	NaN	0.000	28.832	72.456	39.279	54.188	0.521	0.514	71.873	71.808	71.756	71.648	71.633	71.764	71.823	78.000	1.662	-0.054	0.899	30.081	0.390	0.000	0.000	0.000
1:29:13 PM	1.000	0.524	0.285	0.285	186.106	4519.760	1.091	8.278	1.662	0.000	28.832	73.020	45.569	62.407	0.606	0.596	71.900	71.840	71.781	71.663	71.643	71.781	71.846	77.997	1.688	-0.052	1.148	30.079	0.473	0.000	0.000	0.000
1:29:29 PM	1.000	0.782	0.434	0.434	186.108	4514.320	1.091	8.285	1.664	0.000	28.832	73.615	45.514	61.828	0.607	0.595	71.908	71.864	71.778	71.672	71.674	71.872	71.797	77.997	1.715	-0.052	1.147	30.079	0.523	0.000	0.000	0.000
1:29:44 PM	1.000	1.040	0.583	0.583	186.124	4512.228	1.091	8.287	1.664	0.000	28.832	74.097	45.507	61.415	0.607	0.595	71.975	71.939	71.881	71.747	71.768	71.997	71.876	77.995	1.737	-0.050	1.147	30.076	0.534	0.000	0.000	0.000
1:30:00 PM	1.000	1.299	0.732	0.732	186.159	4511.268	1.091	8.288	1.665	0.000	28.832	74.598	45.514	61.013	0.607	0.595	72.121	72.029	71.968	71.894	71.891	72.085	72.041	77.992	1.761	-0.055	1.147	30.079	0.529	0.000	0.000	0.000
1:30:15 PM	1.000	1.557	0.880	0.880	186.153	4511.733	1.091	8.287	1.665	0.000	28.832	75.154	45.513	60.560	0.607	0.595	72.093	72.006	71.947	71.892	71.871	72.045	72.021	77.991	1.787	-0.052	1.147	30.079	0.528	0.000	0.000	0.000
1:30:31 PM	1.000	1.815	1.029	1.029	186.135	4512.291	1.091	8.287	1.665	0.000	28.832	75.647	45.507	60.158	0.607	0.595	72.020	71.991	71.916	71.812	71.829	71.977	71.952	77.990	1.811	-0.055	1.147	30.079	0.527	0.000	0.000	0.000
1:30:43 PM	1.000	2.015	1.143	1.143	186.128	4436.304	Inf	8.550	NaN	0.000	28.832	74.344	44.740	60.166	0.596	0.585	71.991	71.935	71.872	71.772	71.768	71.943	71.913	77.994	1.749	-0.053	1.116	30.079	0.504	0.000	0.000	0.000
1:30:58 PM	2.000	0.258	1.292	1.292	186.149	4513.623	1.091	8.285	1.664	0.000	28.832	76.525	45.527	59.494	0.607	0.595	72.076	72.004	71.959	71.852	71.797	72.128	71.961	77.987	1.853	-0.056	1.147	30.079	0.526	0.000	0.000	0.000
1:31:14 PM	2.000	0.517	1.441	1.441	186.145	4512.549	1.091	8.287	1.664	0.000	28.832	76.963	45.518	59.142	0.607	0.595	72.060	71.991	71.947	71.813	71.816	72.077	71.920	77.984	1.874	-0.053	1.147	30.076	0.527	0.000	0.000	0.000
1:31:29 PM	2.000	0.775	1.590	1.589	186.120	4515.481	1.091	8.284	1.664	0.000	28.832	77.300	45.531	58.902	0.607	0.595	71.958	71.867	71.812	71.670	71.665	71.948	71.722	77.984	1.891	-0.055	1.148	30.077	0.526	0.000	0.000	0.000
1:31:45 PM	2.000	1.033	1.739	1.738	186.105	4514.556	1.091	8.286	1.664	0.000	28.832	77.649	45.509	58.609	0.607	0.595	71.896	71.797	71.764	71.652	71.667	71.873	71.800	77.980	1.909	-0.058	1.147	30.079	0.534	0.000	0.000	0.000
1:32:00 PM	2.000	1.292	1.887	1.887	186.114	4514.661	1.091	8.285	1.664	0.000	28.832	78.060	45.515	58.308	0.607	0.595	71.933	71.817	71.804	71.663	71.711	71.907	71.843	77.979	1.929	-0.052	1.147	30.079	0.533	0.000	0.000	0.000
1:32:16 PM	2.000	1.550	2.036	2.036	186.123	4513.985	1.091	8.286	1.664	0.000	28.832	78.398	45.517	58.059	0.607	0.595	71.969	71.889	71.864	71.700	71.744	71.944	71.842	77.978	1.945	-0.054	1.147	30.076	0.528	0.000	0.000	0.000
1:32:31 PM	2.000	1.808	2.185	2.185	186.103	4514.287	1.091	8.286	1.664	0.000	28.832	78.709	45.504	57.813	0.607	0.595	71.885	71.794	71.771	71.670	71.704	71.887	71.784	77.977	1.961	-0.056	1.147	30.079	0.530	0.000	0.000	0.000
1:32:43 PM	2.000	2.008	2.299	2.299	186.118	4514.281	1.091	8.285	1.664	0.000	28.832	77.835	45.515	58.483	0.607	0.595	71.949	71.863	71.830	71.704	71.712	71.943	71.833	77.981	1.918	-0.055	1.147	30.078	0.530	0.000	0.000	0.000
1:32:59 PM	3.000	0.258	2.448	2.447	186.105	4514.690	1.091	8.286	1.664	0.000	28.832	79.498	45.509	57.246	0.607	0.595	71.895	71.842	71.801	71.672	71.688	71.836	71.823	77.976	2.001	-0.053	1.147	30.078	0.528	0.000	0.000	0.000
1:33:14 PM	3.000	0.517	2.597	2.596	186.087	4515.932	1.091	8.285	1.664	0.000	28.832	79.951	45.510	56.923	0.607	0.595	71.820	71.731	71.676	71.601	71.611	71.719	71.747	77.974	2.024	-0.050	1.148	30.078	0.530	0.000	0.000	0.000
1:33:30 PM	3.000	0.775	2.745	2.745	186.093	4514.758	1.091	8.286	1.664	0.000	28.832	80.233	45.500	56.710	0.607	0.595	71.844	71.785	71.733	71.627	71.643	71.722	71.825	77.971	2.038	-0.055	1.147	30.079	0.532	0.000	0.000	0.000
1:33:45 PM	3.000	1.033	2.894	2.894	186.089	4516.120	1.091	8.284	1.664	0.000	28.832	80.438	45.513	56.581	0.607	0.595	71.827	71.742	71.715	71.642	71.640	71.732	71.805	77.970	2.048	-0.055	1.148	30.078	0.533	0.000	0.000	0.000
1:34:01 PM	3.000	1.292	3.043	3.043	186.110	4514.054	1.091	8.286	1.664	0.000	28.832	80.677	45.506	56.406	0.607	0.595	71.916	71.836	71.781	71.672	71.707	71.915	71.880	77.968	2.060	-0.054	1.148	30.076	0.543	0.000	0.000	0.000
1:34:16 PM	3.000	1.550	3.192	3.191	186.113	4514.445	1.091	8.286	1.664	0.000	28.832	80.901	45.508	56.252	0.607	0.595	71.929	71.866	71.820	71.684	71.688	71.917	71.843	77.968	2.072	-0.052	1.147	30.078	0.534	0.000	0.000	0.000
1:34:32 PM	3.000	1.808	3.341	3.340	186.115	4515.331	1.091	8.285	1.664	0.000	28.832	81.094	45.519	56.132	0.607	0.595	71.937	71.885	71.838	71.696	71.692	71.945	71.857	77.965	2.082	-0.052	1.148	30.078	0.533	0.000	0.000	0.000
1:34:44 PM	3.000	2.008	3.455	3.454	186.105	4514.863	1.091	8.285	1.664	0.000	28.832	80.517	45.510	56.525	0.607	0.595	71.895	71.826	71.781	71.663	71.672	71.859	71.830	77.969	2.052	-0.053	1.147	30.078	0.533	0.000	0.000	0.000

END