
Filename: 	eng short-g
2/12/2018	12:24 PM
Pitot_Cp	Venturi_k	Venturi_n	Nozzle_Diam [In]	DGM_Gamma
0.8400	0.7229	0.5082	0.2000	1.0020
% H2O
Estimate	% CO2
Estimate	% O2
Estimate	Temperature
Tstd [oF]	Pressure
Pstd [inHg] 	Port
Number	Traverse Points
at this port	Sample Time
at each pt [Minute]
1.000	0.000	20.800	68.000	29.920	1.000	5.000	1.000
Time 	Point	Minutes	Vol (DGM)	Volume,dscf	 Viscosity	 Reynolds	Cunningham	D50(pm10)	D50(pm2.5)	H2O% Vol	Wet Mol Wt	Vel, Stack	Vel, Nozzle	Isokinetic	Qv	Qdscfm	Stack	Probe	Filter Box	Dryer	Filter Out	DGM	aux	Console	Pitot	Static	Venturi	Barometer	Vacuum	NA6	NA7	NA8
12:25:16 PM	1.000	0.265	0.244	0.242	185.992	6957.620	1.130	7.369	1.255	1.000	28.724	76.501	70.861	92.608	0.925	0.911	75.577	75.513	75.446	75.318	75.102	75.918	75.045	74.492	1.832	-0.046	2.704	30.073	0.187	0.000	0.000	0.000
12:25:31 PM	1.000	0.524	0.492	0.488	186.006	7503.247	1.142	5.748	1.074	1.000	28.724	76.416	76.432	100.021	0.998	0.982	75.636	75.573	75.504	75.344	75.182	75.993	75.068	74.518	1.828	-0.042	3.011	30.073	0.211	0.000	0.000	0.000
12:25:47 PM	1.000	0.782	0.741	0.735	186.009	7554.617	1.143	5.720	1.068	1.000	28.724	77.025	76.956	99.910	1.005	0.989	75.651	75.577	75.514	75.395	75.172	75.981	75.073	74.547	1.858	-0.043	3.052	30.074	0.210	0.000	0.000	0.000
12:26:01 PM	1.000	1.015	0.966	0.959	185.998	7399.020	1.139	6.136	1.116	1.000	28.724	76.787	75.363	98.133	0.984	0.969	75.605	75.538	75.476	75.329	75.137	75.941	75.053	74.532	1.846	-0.043	2.960	30.073	0.205	0.000	0.000	0.000
12:26:16 PM	2.000	0.258	1.217	1.208	186.012	7609.002	1.144	5.691	1.061	1.000	28.724	77.562	77.516	99.941	1.012	0.996	75.660	75.518	75.440	75.264	75.127	75.939	75.026	74.597	1.883	-0.042	3.096	30.072	0.218	0.000	0.000	0.000
12:26:32 PM	2.000	0.517	1.469	1.457	186.012	7624.406	1.144	5.683	1.060	1.000	28.724	77.675	77.669	99.993	1.014	0.998	75.663	75.496	75.421	75.234	75.098	75.959	75.022	74.623	1.889	-0.042	3.108	30.073	0.220	0.000	0.000	0.000
12:26:47 PM	2.000	0.775	1.721	1.708	186.010	7654.648	1.144	5.667	1.056	1.000	28.724	78.003	77.978	99.968	1.018	1.002	75.653	75.505	75.379	75.245	75.104	75.938	75.048	74.649	1.905	-0.041	3.132	30.072	0.216	0.000	0.000	0.000
12:27:01 PM	2.000	1.008	1.949	1.934	186.019	7640.422	1.144	5.674	1.058	1.000	28.724	77.869	77.841	99.964	1.017	1.001	75.691	75.546	75.444	75.275	75.128	75.999	75.056	74.636	1.898	-0.042	3.121	30.072	0.218	0.000	0.000	0.000
12:27:17 PM	3.000	0.258	2.204	2.186	186.047	7711.014	1.145	5.637	1.049	1.000	28.724	78.621	78.582	99.950	1.026	1.010	75.808	75.676	75.581	75.378	75.165	76.115	75.114	74.698	1.935	-0.042	3.180	30.074	0.221	0.000	0.000	0.000
12:27:32 PM	3.000	0.517	2.459	2.440	186.047	7739.240	1.146	5.622	1.046	1.000	28.724	78.899	78.867	99.960	1.030	1.014	75.806	75.673	75.394	75.381	75.134	76.000	75.129	74.723	1.949	-0.045	3.203	30.075	0.222	0.000	0.000	0.000
12:27:48 PM	3.000	0.775	2.715	2.694	186.049	7763.833	1.146	5.610	1.043	1.000	28.724	79.133	79.119	99.983	1.033	1.017	75.815	75.691	75.541	75.372	75.208	76.111	75.164	74.751	1.960	-0.044	3.223	30.075	0.223	0.000	0.000	0.000
12:28:02 PM	3.000	1.008	2.946	2.923	186.044	7744.927	1.146	5.619	1.045	1.000	28.724	78.938	78.922	99.980	1.031	1.014	75.794	75.662	75.513	75.399	75.178	76.064	75.143	74.737	1.951	-0.044	3.208	30.075	0.224	0.000	0.000	0.000
12:28:17 PM	4.000	0.258	3.202	3.177	186.061	7766.763	1.146	5.608	1.043	1.000	28.724	79.222	79.163	99.926	1.034	1.017	75.867	75.701	75.546	75.444	75.251	76.046	75.215	74.798	1.964	-0.043	3.226	30.074	0.224	0.000	0.000	0.000
12:28:33 PM	4.000	0.517	3.460	3.433	186.070	7799.463	1.147	5.591	1.039	1.000	28.724	79.498	79.511	100.016	1.039	1.022	75.901	75.694	75.551	75.417	75.335	76.091	75.320	74.824	1.978	-0.044	3.254	30.072	0.227	0.000	0.000	0.000
12:28:48 PM	4.000	0.775	3.717	3.688	186.070	7796.188	1.147	5.593	1.039	1.000	28.724	79.516	79.471	99.943	1.038	1.021	75.903	75.737	75.555	75.440	75.376	76.083	75.323	74.851	1.979	-0.042	3.251	30.075	0.228	0.000	0.000	0.000
12:29:02 PM	4.000	1.008	3.950	3.919	186.071	7798.359	1.147	5.591	1.039	1.000	28.724	79.528	79.497	99.961	1.039	1.021	75.907	75.730	75.540	75.455	75.333	76.076	75.293	74.837	1.979	-0.043	3.253	30.074	0.228	0.000	0.000	0.000
12:29:18 PM	5.000	0.258	4.209	4.176	186.062	7851.231	1.148	5.565	1.033	1.000	28.724	80.057	80.024	99.959	1.046	1.028	75.869	75.648	75.513	75.433	75.299	76.043	75.268	74.900	2.006	-0.044	3.297	30.074	0.240	0.000	0.000	0.000
12:29:33 PM	5.000	0.517	4.469	4.434	186.048	7884.792	1.148	5.549	1.029	1.000	28.724	80.362	80.348	99.982	1.051	1.033	75.810	75.607	75.441	75.503	75.313	76.052	75.301	74.930	2.022	-0.043	3.326	30.075	0.248	0.000	0.000	0.000
12:29:49 PM	5.000	0.775	4.730	4.693	186.066	7898.863	1.149	5.541	1.028	1.000	28.724	80.501	80.510	100.012	1.052	1.035	75.884	75.737	75.554	75.517	75.438	76.089	75.412	74.951	2.028	-0.044	3.338	30.075	0.241	0.000	0.000	0.000
12:30:03 PM	5.000	1.008	4.964	4.925	186.061	7879.191	1.148	5.551	1.030	1.000	28.724	80.317	80.306	99.985	1.050	1.032	75.865	75.679	75.513	75.487	75.358	76.044	75.336	74.939	2.019	-0.044	3.321	30.075	0.243	0.000	0.000	0.000

END