
Filename: 	eng short-c
2/9/2018	3:30 PM
Pitot_Cp	Venturi_k	Venturi_n	Nozzle_Diam [In]	DGM_Gamma
0.8400	0.7159	0.5136	0.2000	1.0020
% H2O
Estimate	% CO2
Estimate	% O2
Estimate	Temperature
Tstd [oF]	Pressure
Pstd [inHg] 	Port
Number	Traverse Points
at this port	Sample Time
at each pt [Minute]
0.000	0.000	20.800	68.000	29.921	1.000	3.000	2.000
Time 	Point	Minutes	Vol (DGM)	Volume,dscf	 Viscosity	 Reynolds	Cunningham	D50(pm10)	D50(pm2.5)	H2O% Vol	Wet Mol Wt	Vel, Stack	Vel, Nozzle	Isokinetic	Qv	Qdscfm	Stack	Probe	Filter Box	Dryer	Filter Out	DGM	aux	Console	Pitot	Static	Venturi	Barometer	Vacuum	NA6	NA7	NA8
3:31:07 PM	1.000	0.258	0.239	0.239	186.118	7026.520	1.129	7.406	1.257	0.000	28.832	77.399	70.840	91.520	0.943	0.926	71.951	71.969	71.979	71.896	71.939	71.934	71.996	77.456	1.896	-0.052	2.830	30.080	0.429	0.000	0.000	0.000
3:31:23 PM	1.000	0.516	0.492	0.492	186.114	7684.978	1.143	5.682	1.059	0.000	28.832	77.462	77.469	100.009	1.032	1.013	71.934	71.908	71.930	71.768	71.875	71.901	71.936	77.460	1.899	-0.053	3.229	30.083	0.504	0.000	0.000	0.000
3:31:38 PM	1.000	0.774	0.746	0.746	186.139	7695.008	1.144	5.676	1.058	0.000	28.832	77.600	77.597	99.996	1.034	1.015	72.036	72.019	72.003	71.950	72.009	71.992	72.086	77.465	1.906	-0.050	3.239	30.082	0.493	0.000	0.000	0.000
3:31:54 PM	1.000	1.033	1.000	1.000	186.146	7707.454	1.144	5.670	1.056	0.000	28.832	77.751	77.727	99.970	1.036	1.016	72.065	72.084	72.072	72.020	72.069	72.080	72.200	77.467	1.913	-0.055	3.249	30.083	0.494	0.000	0.000	0.000
3:32:09 PM	1.000	1.291	1.255	1.255	186.149	7727.590	1.144	5.659	1.054	0.000	28.832	77.953	77.937	99.980	1.038	1.019	72.077	72.080	72.060	72.027	72.041	72.198	72.191	77.471	1.923	-0.049	3.266	30.081	0.496	0.000	0.000	0.000
3:32:25 PM	1.000	1.549	1.510	1.510	186.163	7739.957	1.144	5.652	1.052	0.000	28.832	78.097	78.075	99.972	1.040	1.021	72.138	72.125	72.085	72.021	72.057	72.243	72.192	77.474	1.930	-0.053	3.277	30.081	0.496	0.000	0.000	0.000
3:32:40 PM	1.000	1.808	1.766	1.766	186.172	7757.595	1.145	5.643	1.050	0.000	28.832	78.288	78.262	99.967	1.043	1.023	72.175	72.191	72.146	72.062	72.045	72.228	72.225	77.478	1.939	-0.053	3.292	30.081	0.497	0.000	0.000	0.000
3:32:52 PM	1.000	2.008	1.963	1.962	186.147	7639.365	1.142	5.878	1.079	0.000	28.832	77.880	77.045	98.921	1.026	1.007	72.067	72.071	72.057	71.976	72.013	72.099	72.137	77.469	1.919	-0.053	3.211	30.081	0.488	0.000	0.000	0.000
3:33:08 PM	2.000	0.258	2.220	2.219	186.193	7799.013	1.145	5.621	1.045	0.000	28.832	78.726	78.698	99.964	1.049	1.029	72.262	72.245	72.197	72.146	72.205	72.243	72.299	77.486	1.961	-0.053	3.328	30.083	0.500	0.000	0.000	0.000
3:33:23 PM	2.000	0.517	2.479	2.478	186.194	7832.382	1.146	5.605	1.041	0.000	28.832	79.068	79.034	99.956	1.054	1.033	72.265	72.285	72.229	72.188	72.228	72.272	72.312	77.489	1.978	-0.052	3.357	30.083	0.510	0.000	0.000	0.000
3:33:39 PM	2.000	0.775	2.738	2.737	186.191	7861.437	1.146	5.590	1.038	0.000	28.832	79.358	79.327	99.961	1.057	1.037	72.253	72.280	72.248	72.180	72.170	72.322	72.318	77.492	1.992	-0.053	3.381	30.081	0.505	0.000	0.000	0.000
3:33:54 PM	2.000	1.033	2.999	2.997	186.209	7898.899	1.147	5.571	1.034	0.000	28.832	79.774	79.723	99.937	1.063	1.042	72.329	72.313	72.283	72.218	72.178	72.377	72.326	77.496	2.013	-0.053	3.413	30.081	0.506	0.000	0.000	0.000
3:34:10 PM	2.000	1.292	3.260	3.259	186.212	7927.306	1.147	5.556	1.031	0.000	28.832	80.025	80.014	99.987	1.067	1.046	72.339	72.310	72.276	72.228	72.228	72.377	72.315	77.502	2.026	-0.054	3.438	30.080	0.511	0.000	0.000	0.000
3:34:25 PM	2.000	1.550	3.523	3.521	186.215	7940.461	1.148	5.550	1.029	0.000	28.832	80.171	80.150	99.974	1.069	1.047	72.354	72.333	72.301	72.253	72.217	72.368	72.327	77.505	2.033	-0.055	3.450	30.080	0.514	0.000	0.000	0.000
3:34:41 PM	2.000	1.808	3.785	3.783	186.242	7951.439	1.148	5.544	1.028	0.000	28.832	80.288	80.288	100.000	1.070	1.049	72.464	72.490	72.389	72.329	72.308	72.430	72.459	77.509	2.039	-0.052	3.461	30.080	0.513	0.000	0.000	0.000
3:34:53 PM	2.000	2.008	3.987	3.984	186.212	7896.309	1.147	5.572	1.034	0.000	28.832	79.725	79.700	99.969	1.062	1.042	72.341	72.338	72.286	72.232	72.231	72.363	72.348	77.499	2.011	-0.053	3.412	30.081	0.509	0.000	0.000	0.000
3:35:08 PM	3.000	0.258	4.250	4.247	186.207	7968.612	1.148	5.536	1.026	0.000	28.832	80.429	80.418	99.986	1.073	1.051	72.318	72.328	72.315	72.221	72.259	72.363	72.306	77.514	2.047	-0.054	3.474	30.083	0.527	0.000	0.000	0.000
3:35:24 PM	3.000	0.517	4.513	4.510	186.203	7973.204	1.148	5.534	1.026	0.000	28.832	80.470	80.462	99.991	1.073	1.052	72.300	72.297	72.295	72.193	72.226	72.528	72.294	77.515	2.049	-0.052	3.479	30.082	0.534	0.000	0.000	0.000
3:35:39 PM	3.000	0.775	4.776	4.773	186.245	7970.511	1.148	5.534	1.026	0.000	28.832	80.487	80.480	99.991	1.073	1.052	72.477	72.429	72.363	72.278	72.252	72.709	72.394	77.521	2.049	-0.054	3.478	30.082	0.530	0.000	0.000	0.000
3:35:55 PM	3.000	1.033	5.040	5.036	186.274	7979.072	1.148	5.529	1.025	0.000	28.832	80.641	80.606	99.956	1.075	1.053	72.599	72.562	72.420	72.365	72.341	72.765	72.510	77.526	2.056	-0.054	3.488	30.079	0.535	0.000	0.000	0.000
3:36:10 PM	3.000	1.292	5.304	5.300	186.265	7999.032	1.149	5.520	1.022	0.000	28.832	80.809	80.790	99.977	1.078	1.055	72.561	72.564	72.452	72.397	72.364	72.710	72.532	77.530	2.065	-0.053	3.505	30.081	0.537	0.000	0.000	0.000
3:36:26 PM	3.000	1.550	5.569	5.564	186.248	8012.018	1.149	5.514	1.021	0.000	28.832	80.922	80.909	99.985	1.080	1.057	72.489	72.516	72.412	72.352	72.336	72.694	72.508	77.534	2.071	-0.055	3.516	30.079	0.542	0.000	0.000	0.000
3:36:41 PM	3.000	1.808	5.834	5.829	186.263	8033.689	1.149	5.503	1.019	0.000	28.832	81.159	81.137	99.973	1.083	1.060	72.552	72.537	72.498	72.360	72.336	72.757	72.511	77.539	2.083	-0.052	3.535	30.081	0.542	0.000	0.000	0.000
3:36:53 PM	3.000	2.008	6.038	6.032	186.246	7997.113	1.149	5.521	1.023	0.000	28.832	80.765	80.751	99.983	1.077	1.055	72.481	72.471	72.406	72.317	72.312	72.660	72.438	77.528	2.063	-0.053	3.502	30.081	0.536	0.000	0.000	0.000

END