
Filename: 	eng short-f
2/9/2018	5:24 PM
Pitot_Cp	Venturi_k	Venturi_n	Nozzle_Diam [In]	DGM_Gamma
0.8400	0.7195	0.4948	0.2000	1.0020
% H2O
Estimate	% CO2
Estimate	% O2
Estimate	Temperature
Tstd [oF]	Pressure
Pstd [inHg] 	Port
Number	Traverse Points
at this port	Sample Time
at each pt [Minute]
1.000	0.000	20.800	68.000	29.920	1.000	5.000	1.000
Time 	Point	Minutes	Vol (DGM)	Volume,dscf	 Viscosity	 Reynolds	Cunningham	D50(pm10)	D50(pm2.5)	H2O% Vol	Wet Mol Wt	Vel, Stack	Vel, Nozzle	Isokinetic	Qv	Qdscfm	Stack	Probe	Filter Box	Dryer	Filter Out	DGM	aux	Console	Pitot	Static	Venturi	Barometer	Vacuum	NA6	NA7	NA8
5:24:53 PM	1.000	0.258	0.177	0.178	184.887	5284.840	Inf	8.861	NaN	1.000	28.724	0.000	53.168	NaN	0.687	0.688	70.986	71.087	71.059	70.878	71.181	70.712	71.079	78.153	0.000	-0.053	1.584	30.044	-0.093	0.000	0.000	0.000
5:25:08 PM	1.000	0.516	0.365	0.365	184.902	5763.004	1.112	6.952	1.351	1.000	28.724	0.000	57.984	Inf	0.749	0.750	71.051	71.152	71.093	71.008	71.182	70.710	71.101	78.147	0.000	-0.053	1.785	30.045	-0.077	0.000	0.000	0.000
5:25:24 PM	1.000	0.775	0.552	0.553	184.931	5762.752	1.112	6.952	1.351	1.000	28.724	0.000	57.999	Inf	0.750	0.750	71.173	71.224	71.148	71.017	71.239	70.732	71.108	78.136	0.000	-0.054	1.786	30.048	-0.069	0.000	0.000	0.000
5:25:38 PM	1.000	1.008	0.721	0.721	184.906	5643.305	Inf	7.430	NaN	1.000	28.724	0.000	56.780	NaN	0.734	0.735	71.066	71.123	71.079	70.936	71.172	70.729	71.055	78.140	0.000	-0.053	1.735	30.047	-0.076	0.000	0.000	0.000
5:25:53 PM	2.000	0.258	0.908	0.909	184.865	5762.898	1.112	6.955	1.351	1.000	28.724	0.000	57.936	Inf	0.749	0.750	70.896	70.849	70.880	70.687	70.976	70.755	70.788	78.118	0.000	-0.053	1.783	30.055	-0.062	0.000	0.000	0.000
5:26:09 PM	2.000	0.517	1.095	1.096	184.840	5764.598	1.112	6.954	1.351	1.000	28.724	0.000	57.929	Inf	0.749	0.750	70.792	70.732	70.792	70.583	70.890	70.712	70.710	78.106	0.000	-0.055	1.784	30.058	-0.056	0.000	0.000	0.000
5:26:24 PM	2.000	0.775	1.282	1.284	184.854	5763.796	1.112	6.955	1.351	1.000	28.724	0.000	57.931	Inf	0.749	0.750	70.851	70.788	70.823	70.611	70.994	70.724	70.732	78.097	0.000	-0.054	1.783	30.058	-0.058	0.000	0.000	0.000
5:26:38 PM	2.000	1.008	1.451	1.453	184.860	5763.561	1.112	6.955	1.351	1.000	28.724	0.000	57.934	Inf	0.749	0.750	70.874	70.789	70.826	70.613	70.962	70.733	70.736	78.102	0.000	-0.054	1.783	30.058	-0.058	0.000	0.000	0.000
5:26:54 PM	3.000	0.258	1.638	1.640	184.848	5763.940	1.112	6.954	1.351	1.000	28.724	0.000	57.930	Inf	0.749	0.750	70.826	70.774	70.808	70.609	70.989	70.743	70.712	78.077	0.000	-0.053	1.784	30.057	-0.052	0.000	0.000	0.000
5:27:09 PM	3.000	0.517	1.825	1.828	184.881	5762.698	1.112	6.955	1.352	1.000	28.724	0.000	57.937	Inf	0.749	0.750	70.965	70.910	70.917	70.671	71.026	70.762	70.768	78.064	0.000	-0.055	1.784	30.060	-0.045	0.000	0.000	0.000
5:27:25 PM	3.000	0.775	2.013	2.015	184.878	5763.034	1.112	6.955	1.351	1.000	28.724	0.000	57.937	Inf	0.749	0.750	70.949	71.016	70.991	70.739	71.085	70.786	70.819	78.052	0.000	-0.054	1.785	30.061	-0.040	0.000	0.000	0.000
5:27:39 PM	3.000	1.008	2.181	2.184	184.880	5762.719	1.112	6.955	1.352	1.000	28.724	0.000	57.935	Inf	0.749	0.750	70.957	70.932	70.940	70.703	71.052	70.758	70.775	78.059	0.000	-0.054	1.784	30.061	-0.043	0.000	0.000	0.000
5:27:54 PM	4.000	0.258	2.368	2.371	184.920	5760.963	1.112	6.955	1.352	1.000	28.724	0.000	57.950	Inf	0.750	0.750	71.125	71.034	71.031	70.832	71.103	70.735	70.815	78.031	0.000	-0.053	1.785	30.060	-0.035	0.000	0.000	0.000
5:28:10 PM	4.000	0.517	2.555	2.559	184.931	5761.425	1.112	6.955	1.352	1.000	28.724	0.000	57.952	Inf	0.750	0.750	71.169	71.024	71.044	70.867	71.112	70.744	70.913	78.020	0.000	-0.055	1.785	30.066	-0.031	0.000	0.000	0.000
5:28:25 PM	4.000	0.775	2.743	2.746	184.947	5761.171	1.112	6.955	1.351	1.000	28.724	0.000	57.972	Inf	0.750	0.750	71.235	71.012	71.028	70.841	71.125	70.774	70.815	78.010	0.000	-0.054	1.786	30.060	-0.027	0.000	0.000	0.000
5:28:39 PM	4.000	1.008	2.911	2.915	184.924	5761.260	1.112	6.955	1.352	1.000	28.724	0.000	57.952	Inf	0.750	0.750	71.143	70.991	71.003	70.818	71.087	70.756	70.815	78.016	0.000	-0.055	1.785	30.062	-0.030	0.000	0.000	0.000
5:28:55 PM	5.000	0.258	3.098	3.103	184.834	5763.945	1.112	6.955	1.352	1.000	28.724	0.000	57.912	Inf	0.749	0.750	70.769	70.675	70.742	70.526	70.767	70.779	70.619	77.990	0.000	-0.056	1.784	30.061	-0.028	0.000	0.000	0.000
5:29:10 PM	5.000	0.517	3.285	3.290	184.805	5764.651	1.112	6.955	1.352	1.000	28.724	0.000	57.899	Inf	0.749	0.750	70.649	70.534	70.611	70.345	70.596	70.793	70.442	77.979	0.000	-0.056	1.784	30.060	-0.025	0.000	0.000	0.000
5:29:26 PM	5.000	0.775	3.473	3.478	184.780	5766.642	1.112	6.955	1.352	1.000	28.724	0.000	57.889	Inf	0.749	0.750	70.541	70.435	70.460	70.282	70.465	70.748	70.380	77.968	0.000	-0.057	1.784	30.065	-0.025	0.000	0.000	0.000
5:29:40 PM	5.000	1.008	3.641	3.646	184.801	5765.061	1.112	6.955	1.352	1.000	28.724	0.000	57.897	Inf	0.749	0.750	70.631	70.549	70.584	70.378	70.588	70.768	70.474	77.973	0.000	-0.057	1.784	30.062	-0.024	0.000	0.000	0.000

END