
Filename: 	eng short-a
2/9/2018	2:36 PM
Pitot_Cp	Venturi_k	Venturi_n	Nozzle_Diam [In]	DGM_Gamma
0.8400	0.7159	0.5136	0.2000	1.0020
% H2O
Estimate	% CO2
Estimate	% O2
Estimate	Temperature
Tstd [oF]	Pressure
Pstd [inHg] 	Port
Number	Traverse Points
at this port	Sample Time
at each pt [Minute]
0.000	0.000	20.800	68.000	29.921	1.000	3.000	2.000
Time 	Point	Minutes	Vol (DGM)	Volume,dscf	 Viscosity	 Reynolds	Cunningham	D50(pm10)	D50(pm2.5)	H2O% Vol	Wet Mol Wt	Vel, Stack	Vel, Nozzle	Isokinetic	Qv	Qdscfm	Stack	Probe	Filter Box	Dryer	Filter Out	DGM	aux	Console	Pitot	Static	Venturi	Barometer	Vacuum	NA6	NA7	NA8
2:37:09 PM	1.000	0.258	0.132	0.132	186.045	3892.398	Inf	10.462	NaN	0.000	28.832	73.019	39.211	53.689	0.520	0.513	71.645	71.643	71.751	71.592	71.463	71.843	71.649	77.388	1.688	-0.055	0.898	30.079	0.368	0.000	0.000	0.000
2:37:25 PM	1.000	0.516	0.282	0.282	186.036	4539.801	1.092	8.254	1.657	0.000	28.832	73.127	45.731	62.536	0.608	0.598	71.610	71.572	71.610	71.492	71.384	71.683	71.605	77.384	1.693	-0.054	1.155	30.078	0.449	0.000	0.000	0.000
2:37:40 PM	1.000	0.774	0.431	0.431	186.040	4533.894	1.091	8.262	1.659	0.000	28.832	73.125	45.670	62.455	0.608	0.598	71.623	71.560	71.572	71.442	71.380	71.660	71.576	77.382	1.693	-0.052	1.154	30.079	0.503	0.000	0.000	0.000
2:37:56 PM	1.000	1.033	0.580	0.581	186.043	4532.476	1.091	8.264	1.659	0.000	28.832	73.122	45.659	62.442	0.608	0.597	71.637	71.609	71.609	71.509	71.479	71.668	71.643	77.379	1.693	-0.053	1.154	30.079	0.510	0.000	0.000	0.000
2:38:11 PM	1.000	1.291	0.730	0.730	186.052	4532.060	1.091	8.264	1.659	0.000	28.832	73.113	45.661	62.453	0.609	0.597	71.676	71.648	71.660	71.551	71.530	71.664	71.713	77.377	1.693	-0.053	1.154	30.078	0.512	0.000	0.000	0.000
2:38:27 PM	1.000	1.549	0.879	0.879	186.074	4531.113	1.091	8.264	1.659	0.000	28.832	73.032	45.665	62.527	0.608	0.597	71.768	71.722	71.719	71.607	71.600	71.710	71.773	77.374	1.688	-0.052	1.154	30.079	0.510	0.000	0.000	0.000
2:38:42 PM	1.000	1.808	1.028	1.028	186.106	4529.677	1.091	8.266	1.659	0.000	28.832	73.058	45.667	62.508	0.608	0.597	71.897	71.851	71.748	71.624	71.675	71.864	71.804	77.371	1.689	-0.054	1.154	30.080	0.515	0.000	0.000	0.000
2:38:54 PM	1.000	2.008	1.143	1.143	186.063	4452.408	Inf	8.538	NaN	0.000	28.832	73.073	44.864	61.394	0.597	0.587	71.720	71.684	71.682	71.560	71.520	71.745	71.698	77.378	1.691	-0.053	1.122	30.079	0.486	0.000	0.000	0.000
2:39:10 PM	2.000	0.258	1.292	1.292	186.107	4527.301	1.091	8.268	1.660	0.000	28.832	72.930	45.646	62.589	0.608	0.597	71.903	71.867	71.804	71.668	71.676	71.885	71.878	77.366	1.683	-0.053	1.153	30.079	0.526	0.000	0.000	0.000
2:39:25 PM	2.000	0.517	1.441	1.441	186.099	4528.614	1.091	8.267	1.660	0.000	28.832	72.763	45.653	62.742	0.608	0.597	71.871	71.855	71.755	71.632	71.606	71.858	71.721	77.365	1.676	-0.051	1.153	30.080	0.516	0.000	0.000	0.000
2:39:41 PM	2.000	0.775	1.590	1.591	186.115	4528.164	1.091	8.267	1.660	0.000	28.832	72.695	45.660	62.810	0.608	0.597	71.936	71.895	71.828	71.671	71.676	71.922	71.825	77.363	1.672	-0.051	1.153	30.079	0.516	0.000	0.000	0.000
2:39:56 PM	2.000	1.033	1.740	1.740	186.127	4527.988	1.092	8.267	1.660	0.000	28.832	72.501	45.666	62.986	0.608	0.597	71.988	71.953	71.887	71.751	71.739	71.990	71.912	77.364	1.663	-0.054	1.154	30.079	0.513	0.000	0.000	0.000
2:40:12 PM	2.000	1.292	1.889	1.889	186.131	4528.160	1.092	8.266	1.660	0.000	28.832	72.408	45.669	63.072	0.609	0.597	72.002	71.969	71.908	71.769	71.738	72.029	71.933	77.362	1.659	-0.052	1.154	30.079	0.513	0.000	0.000	0.000
2:40:27 PM	2.000	1.550	2.038	2.038	186.133	4527.118	1.091	8.268	1.660	0.000	28.832	72.315	45.659	63.140	0.608	0.597	72.011	71.990	71.925	71.798	71.789	72.065	71.911	77.360	1.655	-0.051	1.153	30.079	0.513	0.000	0.000	0.000
2:40:43 PM	2.000	1.808	2.187	2.187	186.130	4527.027	1.092	8.268	1.660	0.000	28.832	72.320	45.660	63.136	0.609	0.597	72.000	71.987	71.940	71.845	71.816	72.043	71.932	77.357	1.655	-0.053	1.154	30.077	0.516	0.000	0.000	0.000
2:40:55 PM	2.000	2.008	2.302	2.302	186.121	4527.675	1.091	8.267	1.660	0.000	28.832	72.524	45.659	62.958	0.608	0.597	71.961	71.931	71.871	71.734	71.721	71.981	71.876	77.361	1.664	-0.052	1.153	30.079	0.516	0.000	0.000	0.000
2:41:10 PM	3.000	0.258	2.451	2.451	186.127	4527.127	1.091	8.268	1.660	0.000	28.832	72.144	45.657	63.286	0.608	0.597	71.984	71.923	71.892	71.724	71.719	72.071	71.829	77.354	1.647	-0.052	1.153	30.079	0.516	0.000	0.000	0.000
2:41:26 PM	3.000	0.517	2.601	2.600	186.138	4526.783	1.091	8.268	1.660	0.000	28.832	72.250	45.659	63.195	0.609	0.597	72.030	72.003	71.948	71.811	71.784	72.134	71.940	77.352	1.652	-0.053	1.153	30.080	0.520	0.000	0.000	0.000
2:41:41 PM	3.000	0.775	2.750	2.749	186.148	4524.634	1.091	8.270	1.660	0.000	28.832	72.458	45.647	62.999	0.609	0.597	72.076	72.061	72.007	71.889	71.852	72.209	71.974	77.349	1.661	-0.051	1.153	30.077	0.524	0.000	0.000	0.000
2:41:57 PM	3.000	1.033	2.899	2.899	186.158	4523.105	1.091	8.272	1.661	0.000	28.832	72.418	45.634	63.014	0.609	0.596	72.116	72.057	72.005	71.900	71.860	72.236	72.022	77.348	1.659	-0.054	1.153	30.080	0.535	0.000	0.000	0.000
2:42:12 PM	3.000	1.292	3.048	3.048	186.184	4522.158	1.091	8.272	1.661	0.000	28.832	72.487	45.645	62.970	0.608	0.596	72.225	72.118	72.020	71.912	71.872	72.305	71.958	77.347	1.662	-0.053	1.153	30.076	0.531	0.000	0.000	0.000
2:42:28 PM	3.000	1.550	3.197	3.197	186.176	4522.727	1.091	8.272	1.661	0.000	28.832	72.512	45.646	62.949	0.608	0.596	72.192	72.084	72.020	71.877	71.813	72.304	71.887	77.345	1.663	-0.050	1.152	30.076	0.527	0.000	0.000	0.000
2:42:43 PM	3.000	1.808	3.347	3.346	186.174	4522.221	1.091	8.272	1.661	0.000	28.832	72.597	45.640	62.867	0.608	0.596	72.180	72.084	72.014	71.852	71.721	72.303	71.898	77.342	1.667	-0.052	1.152	30.076	0.529	0.000	0.000	0.000
2:42:55 PM	3.000	2.008	3.461	3.460	186.157	4524.080	1.091	8.271	1.661	0.000	28.832	72.434	45.646	63.018	0.608	0.597	72.112	72.042	71.982	71.840	71.790	72.218	71.914	77.347	1.660	-0.052	1.153	30.078	0.527	0.000	0.000	0.000

END