
Filename: 	eng short-d
2/9/2018	4:20 PM
Pitot_Cp	Venturi_k	Venturi_n	Nozzle_Diam [In]	DGM_Gamma
0.8400	0.7195	0.4948	0.2000	1.0020
% H2O
Estimate	% CO2
Estimate	% O2
Estimate	Temperature
Tstd [oF]	Pressure
Pstd [inHg] 	Port
Number	Traverse Points
at this port	Sample Time
at each pt [Minute]
0.000	0.000	20.800	68.000	29.921	1.000	3.000	2.000
Time 	Point	Minutes	Vol (DGM)	Volume,dscf	 Viscosity	 Reynolds	Cunningham	D50(pm10)	D50(pm2.5)	H2O% Vol	Wet Mol Wt	Vel, Stack	Vel, Nozzle	Isokinetic	Qv	Qdscfm	Stack	Probe	Filter Box	Dryer	Filter Out	DGM	aux	Console	Pitot	Static	Venturi	Barometer	Vacuum	NA6	NA7	NA8
4:20:55 PM	1.000	0.258	0.238	0.238	186.107	7005.804	Inf	7.411	NaN	0.000	28.832	77.350	70.612	91.288	0.940	0.924	71.904	71.821	71.842	71.730	71.842	71.880	71.897	77.878	1.894	-0.057	2.902	30.085	0.454	0.000	0.000	0.000
4:21:10 PM	1.000	0.516	0.491	0.491	186.092	7678.526	1.143	5.686	1.060	0.000	28.832	77.360	77.379	100.024	1.032	1.012	71.839	71.809	71.804	71.702	71.809	71.812	71.877	77.878	1.895	-0.055	3.337	30.084	0.517	0.000	0.000	0.000
4:21:26 PM	1.000	0.774	0.744	0.744	186.119	7676.617	1.143	5.686	1.060	0.000	28.832	77.390	77.395	100.005	1.032	1.012	71.954	71.955	71.945	71.853	71.957	71.943	71.997	77.878	1.896	-0.057	3.337	30.081	0.512	0.000	0.000	0.000
4:21:41 PM	1.000	1.033	0.998	0.998	186.133	7694.995	1.144	5.677	1.058	0.000	28.832	77.596	77.579	99.978	1.034	1.015	72.013	72.014	71.994	71.921	71.967	72.080	72.035	77.879	1.906	-0.056	3.354	30.087	0.514	0.000	0.000	0.000
4:21:57 PM	1.000	1.291	1.252	1.252	186.155	7706.990	1.144	5.670	1.056	0.000	28.832	77.752	77.732	99.975	1.036	1.016	72.104	72.057	72.029	71.956	72.053	72.043	72.090	77.881	1.913	-0.058	3.366	30.083	0.515	0.000	0.000	0.000
4:22:12 PM	1.000	1.549	1.507	1.507	186.145	7730.075	1.144	5.658	1.054	0.000	28.832	77.986	77.951	99.955	1.039	1.019	72.060	72.076	72.052	71.993	72.028	72.048	72.143	77.881	1.925	-0.058	3.386	30.084	0.519	0.000	0.000	0.000
4:22:28 PM	1.000	1.808	1.763	1.763	186.143	7766.266	1.145	5.639	1.049	0.000	28.832	78.337	78.314	99.970	1.044	1.024	72.051	72.065	72.033	71.964	71.986	72.162	72.157	77.883	1.942	-0.056	3.419	30.083	0.524	0.000	0.000	0.000
4:22:40 PM	1.000	2.008	1.960	1.959	186.130	7629.890	Inf	5.882	NaN	0.000	28.832	77.779	76.927	98.898	1.025	1.006	71.997	71.978	71.964	71.883	71.956	72.020	72.032	77.880	1.915	-0.057	3.316	30.084	0.510	0.000	0.000	0.000
4:22:55 PM	2.000	0.258	2.216	2.216	186.115	7788.436	1.145	5.629	1.047	0.000	28.832	78.543	78.510	99.959	1.048	1.027	71.937	72.016	71.992	71.920	71.965	72.055	72.065	77.885	1.953	-0.060	3.439	30.083	0.536	0.000	0.000	0.000
4:23:11 PM	2.000	0.517	2.474	2.474	186.129	7815.399	1.145	5.615	1.044	0.000	28.832	78.806	78.794	99.985	1.051	1.030	71.995	72.012	72.012	71.936	71.960	72.049	72.101	77.884	1.966	-0.058	3.463	30.084	0.528	0.000	0.000	0.000
4:23:26 PM	2.000	0.775	2.732	2.732	186.138	7832.532	1.146	5.606	1.042	0.000	28.832	79.023	78.982	99.949	1.053	1.033	72.031	72.025	72.012	71.952	71.992	72.221	72.165	77.887	1.976	-0.058	3.479	30.081	0.528	0.000	0.000	0.000
4:23:42 PM	2.000	1.033	2.992	2.991	186.153	7857.636	1.146	5.593	1.039	0.000	28.832	79.270	79.245	99.969	1.057	1.036	72.096	72.060	72.033	71.973	72.001	72.167	72.141	77.887	1.989	-0.058	3.502	30.083	0.534	0.000	0.000	0.000
4:23:57 PM	2.000	1.292	3.251	3.251	186.163	7875.025	1.146	5.584	1.037	0.000	28.832	79.432	79.428	99.995	1.060	1.039	72.134	72.146	72.073	72.043	72.065	72.210	72.232	77.889	1.997	-0.057	3.519	30.084	0.535	0.000	0.000	0.000
4:24:13 PM	2.000	1.550	3.511	3.510	186.163	7877.429	1.147	5.582	1.036	0.000	28.832	79.477	79.460	99.978	1.060	1.039	72.135	72.149	72.127	72.042	72.069	72.232	72.251	77.891	1.999	-0.056	3.522	30.081	0.540	0.000	0.000	0.000
4:24:28 PM	2.000	1.808	3.771	3.770	186.184	7885.678	1.147	5.578	1.035	0.000	28.832	79.581	79.558	99.971	1.061	1.040	72.222	72.240	72.209	72.114	72.163	72.355	72.335	77.890	2.004	-0.057	3.530	30.084	0.535	0.000	0.000	0.000
4:24:40 PM	2.000	2.008	3.972	3.970	186.156	7854.535	1.146	5.594	1.039	0.000	28.832	79.241	79.218	99.971	1.057	1.036	72.106	72.119	72.090	72.025	72.061	72.228	72.205	77.888	1.987	-0.058	3.500	30.083	0.534	0.000	0.000	0.000
4:24:56 PM	3.000	0.258	4.233	4.231	186.198	7915.758	1.147	5.563	1.032	0.000	28.832	79.881	79.878	99.996	1.066	1.044	72.279	72.304	72.276	72.203	72.223	72.471	72.360	77.894	2.019	-0.056	3.560	30.083	0.549	0.000	0.000	0.000
4:25:11 PM	3.000	0.517	4.494	4.492	186.196	7917.969	1.147	5.562	1.032	0.000	28.832	79.919	79.896	99.971	1.066	1.044	72.274	72.277	72.245	72.145	72.192	72.489	72.305	77.893	2.021	-0.057	3.560	30.083	0.535	0.000	0.000	0.000
4:25:27 PM	3.000	0.775	4.756	4.754	186.206	7937.264	1.148	5.552	1.030	0.000	28.832	80.119	80.102	99.978	1.069	1.047	72.315	72.291	72.262	72.168	72.219	72.421	72.312	77.894	2.031	-0.057	3.578	30.083	0.537	0.000	0.000	0.000
4:25:42 PM	3.000	1.033	5.019	5.016	186.205	7956.181	1.148	5.542	1.027	0.000	28.832	80.316	80.294	99.973	1.071	1.049	72.312	72.318	72.300	72.234	72.230	72.532	72.363	77.895	2.041	-0.056	3.596	30.082	0.540	0.000	0.000	0.000
4:25:58 PM	3.000	1.292	5.282	5.279	186.212	7970.936	1.148	5.535	1.026	0.000	28.832	80.497	80.445	99.936	1.074	1.051	72.338	72.364	72.337	72.277	72.240	72.601	72.399	77.896	2.050	-0.057	3.611	30.084	0.545	0.000	0.000	0.000
4:26:13 PM	3.000	1.550	5.546	5.543	186.189	7996.057	1.148	5.523	1.023	0.000	28.832	80.715	80.676	99.951	1.077	1.055	72.245	72.292	72.276	72.209	72.189	72.498	72.329	77.898	2.061	-0.055	3.635	30.083	0.561	0.000	0.000	0.000
4:26:29 PM	3.000	1.808	5.811	5.807	186.190	8024.583	1.149	5.509	1.020	0.000	28.832	80.971	80.965	99.992	1.081	1.058	72.249	72.248	72.240	72.111	72.216	72.403	72.251	77.901	2.074	-0.057	3.660	30.083	0.558	0.000	0.000	0.000
4:26:41 PM	3.000	2.008	6.014	6.011	186.195	7970.865	1.148	5.535	1.026	0.000	28.832	80.455	80.429	99.968	1.074	1.051	72.269	72.290	72.271	72.182	72.206	72.472	72.324	77.897	2.048	-0.056	3.610	30.082	0.550	0.000	0.000	0.000

END