
Filename: 	eng short-b
2/9/2018	3:14 PM
Pitot_Cp	Venturi_k	Venturi_n	Nozzle_Diam [In]	DGM_Gamma
0.8400	0.7159	0.5136	0.2000	1.0020
% H2O
Estimate	% CO2
Estimate	% O2
Estimate	Temperature
Tstd [oF]	Pressure
Pstd [inHg] 	Port
Number	Traverse Points
at this port	Sample Time
at each pt [Minute]
0.000	0.000	20.800	68.000	29.921	1.000	3.000	2.000
Time 	Point	Minutes	Vol (DGM)	Volume,dscf	 Viscosity	 Reynolds	Cunningham	D50(pm10)	D50(pm2.5)	H2O% Vol	Wet Mol Wt	Vel, Stack	Vel, Nozzle	Isokinetic	Qv	Qdscfm	Stack	Probe	Filter Box	Dryer	Filter Out	DGM	aux	Console	Pitot	Static	Venturi	Barometer	Vacuum	NA6	NA7	NA8
3:14:26 PM	1.000	0.258	0.225	0.225	186.090	6627.423	1.125	7.626	1.306	0.000	28.832	71.728	66.803	93.131	0.893	0.874	71.831	71.796	71.728	71.656	71.653	71.862	71.888	77.280	1.629	-0.055	2.525	30.080	0.575	0.000	0.000	0.000
3:14:41 PM	1.000	0.516	0.461	0.461	186.093	7143.349	1.135	5.984	1.128	0.000	28.832	72.037	72.007	99.959	0.963	0.942	71.845	71.836	71.765	71.676	71.650	71.856	71.847	77.280	1.643	-0.054	2.811	30.080	0.625	0.000	0.000	0.000
3:14:57 PM	1.000	0.774	0.697	0.697	186.111	7169.282	1.135	5.969	1.124	0.000	28.832	72.274	72.282	100.011	0.967	0.945	71.921	71.897	71.836	71.714	71.732	71.918	71.920	77.280	1.653	-0.055	2.832	30.082	0.622	0.000	0.000	0.000
3:15:12 PM	1.000	1.033	0.934	0.934	186.126	7189.890	1.135	5.956	1.121	0.000	28.832	72.536	72.506	99.960	0.970	0.948	71.983	71.948	71.902	71.798	71.753	72.033	71.956	77.279	1.665	-0.053	2.849	30.081	0.627	0.000	0.000	0.000
3:15:28 PM	1.000	1.291	1.172	1.172	186.134	7226.396	1.136	5.934	1.116	0.000	28.832	72.907	72.880	99.963	0.975	0.953	72.013	71.985	71.921	71.872	71.812	72.084	72.017	77.280	1.682	-0.054	2.878	30.081	0.626	0.000	0.000	0.000
3:15:43 PM	1.000	1.549	1.411	1.411	186.122	7245.073	1.136	5.924	1.114	0.000	28.832	73.056	73.055	99.998	0.977	0.955	71.965	71.902	71.871	71.767	71.726	72.056	71.861	77.281	1.689	-0.053	2.891	30.082	0.627	0.000	0.000	0.000
3:15:59 PM	1.000	1.808	1.651	1.651	186.131	7267.149	1.137	5.911	1.111	0.000	28.832	73.313	73.286	99.962	0.980	0.958	72.005	71.976	71.921	71.795	71.795	72.043	71.868	77.280	1.701	-0.053	2.909	30.082	0.630	0.000	0.000	0.000
3:16:11 PM	1.000	2.008	1.835	1.835	186.115	7143.444	1.135	6.151	1.141	0.000	28.832	72.658	72.027	99.120	0.963	0.942	71.938	71.907	71.856	71.752	71.727	71.983	71.907	77.280	1.671	-0.053	2.827	30.081	0.620	0.000	0.000	0.000
3:16:26 PM	2.000	0.258	2.076	2.075	186.111	7305.660	1.137	5.889	1.106	0.000	28.832	73.697	73.658	99.947	0.985	0.963	71.920	71.906	71.857	71.694	71.675	71.928	71.856	77.283	1.719	-0.053	2.938	30.080	0.625	0.000	0.000	0.000
3:16:42 PM	2.000	0.517	2.317	2.317	186.123	7334.032	1.138	5.873	1.102	0.000	28.832	73.960	73.947	99.982	0.990	0.967	71.970	71.927	71.869	71.725	71.724	71.992	71.859	77.282	1.731	-0.053	2.962	30.083	0.638	0.000	0.000	0.000
3:16:57 PM	2.000	0.775	2.560	2.559	186.129	7344.961	1.138	5.866	1.101	0.000	28.832	74.081	74.072	99.988	0.991	0.968	71.995	71.965	71.900	71.820	71.778	72.020	71.912	77.284	1.737	-0.053	2.971	30.080	0.640	0.000	0.000	0.000
3:17:13 PM	2.000	1.033	2.803	2.802	186.130	7373.932	1.138	5.850	1.097	0.000	28.832	74.401	74.360	99.946	0.995	0.972	71.997	71.972	71.941	71.859	71.840	71.992	72.005	77.286	1.752	-0.053	2.995	30.081	0.641	0.000	0.000	0.000
3:17:28 PM	2.000	1.292	3.047	3.046	186.141	7399.276	1.139	5.836	1.094	0.000	28.832	74.630	74.622	99.989	0.999	0.976	72.045	72.019	71.966	71.886	71.863	72.812	71.998	77.287	1.763	-0.053	3.015	30.083	0.639	0.000	0.000	0.000
3:17:44 PM	2.000	1.550	3.293	3.291	186.157	7424.371	1.139	5.822	1.091	0.000	28.832	74.948	74.889	99.922	1.002	0.979	72.112	72.062	71.990	71.923	71.938	73.673	72.028	77.290	1.777	-0.052	3.035	30.083	0.640	0.000	0.000	0.000
3:17:59 PM	2.000	1.808	3.539	3.537	186.123	7454.707	1.140	5.806	1.087	0.000	28.832	75.183	75.163	99.974	1.006	0.983	71.971	71.983	71.960	71.847	71.827	73.208	71.890	77.292	1.789	-0.052	3.059	30.082	0.647	0.000	0.000	0.000
3:18:11 PM	2.000	2.008	3.728	3.725	186.131	7388.036	1.139	5.843	1.095	0.000	28.832	74.526	74.501	99.967	0.997	0.974	72.003	71.982	71.932	71.827	71.813	72.564	71.943	77.287	1.758	-0.053	3.006	30.082	0.641	0.000	0.000	0.000
3:18:27 PM	3.000	0.258	3.975	3.972	186.133	7484.144	1.140	5.789	1.083	0.000	28.832	75.486	75.464	99.971	1.011	0.987	72.010	71.976	71.964	71.852	71.885	72.620	71.950	77.294	1.804	-0.053	3.084	30.084	0.662	0.000	0.000	0.000
3:18:42 PM	3.000	0.517	4.223	4.219	186.134	7501.115	1.140	5.780	1.081	0.000	28.832	75.673	75.640	99.956	1.013	0.989	72.016	72.008	71.969	71.895	71.862	72.464	71.975	77.294	1.812	-0.051	3.099	30.083	0.667	0.000	0.000	0.000
3:18:58 PM	3.000	0.775	4.470	4.466	186.141	7496.626	1.140	5.783	1.082	0.000	28.832	75.344	75.605	100.358	1.013	0.989	72.044	72.031	71.994	71.930	71.882	72.339	72.029	77.294	1.797	-0.052	3.097	30.081	0.677	0.000	0.000	0.000
3:19:13 PM	3.000	1.033	4.714	4.711	186.159	7405.994	1.139	5.832	1.093	0.000	28.832	74.830	74.709	99.843	1.001	0.977	72.119	72.101	72.050	71.985	71.935	72.405	72.100	77.296	1.772	-0.055	3.023	30.082	0.661	0.000	0.000	0.000
3:19:29 PM	3.000	1.292	4.961	4.957	186.178	7486.086	1.140	5.787	1.083	0.000	28.832	75.713	75.536	99.766	1.012	0.987	72.198	72.197	72.149	72.057	72.046	72.463	72.185	77.300	1.814	-0.051	3.089	30.081	0.665	0.000	0.000	0.000
3:19:44 PM	3.000	1.550	5.211	5.207	186.205	7553.726	1.141	5.750	1.074	0.000	28.832	76.278	76.246	99.958	1.022	0.996	72.309	72.294	72.229	72.152	72.134	72.570	72.273	77.303	1.840	-0.053	3.146	30.080	0.672	0.000	0.000	0.000
3:20:00 PM	3.000	1.808	5.461	5.456	186.208	7576.455	1.142	5.737	1.072	0.000	28.832	76.501	76.476	99.967	1.025	0.999	72.324	72.325	72.277	72.201	72.228	72.496	72.361	77.305	1.851	-0.053	3.165	30.081	0.675	0.000	0.000	0.000
3:20:12 PM	3.000	2.008	5.653	5.648	186.170	7511.936	1.141	5.773	1.080	0.000	28.832	75.805	75.787	99.978	1.016	0.991	72.165	72.150	72.110	72.033	72.030	72.473	72.147	77.299	1.818	-0.053	3.110	30.082	0.669	0.000	0.000	0.000

END