
Filename: 	eng short-e
2/9/2018	4:51 PM
Pitot_Cp	Venturi_k	Venturi_n	Nozzle_Diam [In]	DGM_Gamma
0.8400	0.7195	0.4948	0.2000	1.0020
% H2O
Estimate	% CO2
Estimate	% O2
Estimate	Temperature
Tstd [oF]	Pressure
Pstd [inHg] 	Port
Number	Traverse Points
at this port	Sample Time
at each pt [Minute]
1.000	0.000	20.800	68.000	29.920	1.000	5.000	1.000
Time 	Point	Minutes	Vol (DGM)	Volume,dscf	 Viscosity	 Reynolds	Cunningham	D50(pm10)	D50(pm2.5)	H2O% Vol	Wet Mol Wt	Vel, Stack	Vel, Nozzle	Isokinetic	Qv	Qdscfm	Stack	Probe	Filter Box	Dryer	Filter Out	DGM	aux	Console	Pitot	Static	Venturi	Barometer	Vacuum	NA6	NA7	NA8
4:51:59 PM	1.000	0.258	0.185	0.185	185.242	5509.124	Inf	8.410	NaN	1.000	28.724	80.318	55.538	69.152	0.724	0.718	72.465	72.459	72.512	72.335	72.483	72.461	72.467	78.092	2.032	-0.057	1.711	30.081	0.157	0.000	0.000	0.000
4:52:14 PM	1.000	0.516	0.373	0.373	185.206	5752.628	1.112	6.962	1.353	1.000	28.724	80.066	57.969	72.401	0.756	0.750	72.315	72.317	72.382	72.239	72.264	72.397	72.250	78.093	2.020	-0.058	1.801	30.079	0.172	0.000	0.000	0.000
4:52:30 PM	1.000	0.774	0.561	0.560	185.179	5753.590	1.112	6.962	1.353	1.000	28.724	79.853	57.957	72.580	0.756	0.750	72.201	72.240	72.286	72.041	72.133	72.332	72.112	78.094	2.010	-0.058	1.800	30.079	0.166	0.000	0.000	0.000
4:52:44 PM	1.000	1.008	0.730	0.729	185.211	5691.769	Inf	7.324	NaN	1.000	28.724	79.953	57.358	71.745	0.748	0.742	72.335	72.339	72.376	72.169	72.272	72.391	72.258	78.094	2.014	-0.057	1.778	30.080	0.164	0.000	0.000	0.000
4:52:59 PM	2.000	0.258	0.917	0.916	185.239	5751.815	1.112	6.962	1.353	1.000	28.724	79.377	57.983	73.047	0.756	0.750	72.452	72.408	72.367	72.215	72.306	72.535	72.301	78.098	1.985	-0.058	1.800	30.081	0.155	0.000	0.000	0.000
4:53:15 PM	2.000	0.517	1.105	1.104	185.236	5751.312	1.112	6.962	1.353	1.000	28.724	79.208	57.978	73.198	0.756	0.750	72.437	72.420	72.412	72.273	72.346	72.702	72.337	78.100	1.977	-0.059	1.801	30.080	0.164	0.000	0.000	0.000
4:53:30 PM	2.000	0.775	1.293	1.291	185.233	5751.741	1.112	6.962	1.353	1.000	28.724	78.984	57.980	73.408	0.756	0.750	72.427	72.412	72.408	72.269	72.308	72.841	72.377	78.100	1.965	-0.057	1.801	30.080	0.166	0.000	0.000	0.000
4:53:44 PM	2.000	1.008	1.462	1.460	185.238	5751.431	1.112	6.962	1.353	1.000	28.724	79.083	57.980	73.316	0.756	0.750	72.445	72.412	72.399	72.256	72.332	72.735	72.335	78.100	1.970	-0.058	1.801	30.080	0.164	0.000	0.000	0.000
4:54:00 PM	3.000	0.258	1.650	1.648	185.246	5751.717	1.112	6.961	1.353	1.000	28.724	78.411	57.995	73.963	0.756	0.750	72.480	72.436	72.412	72.293	72.392	72.845	72.376	78.103	1.937	-0.058	1.802	30.078	0.169	0.000	0.000	0.000
4:54:15 PM	3.000	0.517	1.838	1.835	185.216	5752.768	1.112	6.961	1.353	1.000	28.724	78.140	57.977	74.196	0.756	0.750	72.355	72.346	72.373	72.239	72.309	72.765	72.312	78.104	1.924	-0.059	1.801	30.081	0.164	0.000	0.000	0.000
4:54:31 PM	3.000	0.775	2.025	2.023	185.168	5753.058	1.112	6.962	1.353	1.000	28.724	78.021	57.945	74.269	0.756	0.750	72.156	72.191	72.255	72.078	72.167	72.528	72.236	78.105	1.919	-0.059	1.800	30.080	0.164	0.000	0.000	0.000
4:54:45 PM	3.000	1.008	2.194	2.191	185.202	5752.543	1.112	6.962	1.353	1.000	28.724	78.140	57.966	74.182	0.756	0.750	72.296	72.272	72.307	72.155	72.243	72.656	72.259	78.105	1.924	-0.058	1.800	30.080	0.164	0.000	0.000	0.000
4:55:00 PM	4.000	0.258	2.382	2.379	185.164	5753.283	1.112	6.962	1.353	1.000	28.724	77.770	57.941	74.503	0.755	0.750	72.139	72.144	72.125	71.950	71.958	72.367	71.978	78.111	1.907	-0.056	1.799	30.083	0.160	0.000	0.000	0.000
4:55:16 PM	4.000	0.517	2.570	2.566	185.161	5753.692	1.112	6.962	1.353	1.000	28.724	77.504	57.941	74.759	0.755	0.750	72.126	72.091	72.142	71.901	71.958	72.543	71.960	78.113	1.894	-0.058	1.799	30.084	0.158	0.000	0.000	0.000
4:55:31 PM	4.000	0.775	2.757	2.754	185.184	5752.580	1.112	6.962	1.353	1.000	28.724	77.432	57.953	74.844	0.756	0.750	72.224	72.155	72.167	71.950	72.024	72.660	72.031	78.114	1.890	-0.059	1.800	30.081	0.183	0.000	0.000	0.000
4:55:45 PM	4.000	1.008	2.926	2.922	185.178	5753.007	1.112	6.962	1.353	1.000	28.724	77.550	57.951	74.728	0.756	0.750	72.198	72.166	72.176	71.968	72.039	72.595	72.032	78.113	1.896	-0.058	1.800	30.082	0.169	0.000	0.000	0.000
4:56:01 PM	5.000	0.258	3.114	3.110	185.225	5751.325	1.112	6.962	1.353	1.000	28.724	77.454	57.969	74.844	0.756	0.750	72.394	72.347	72.317	72.214	72.266	72.819	72.272	78.119	1.890	-0.056	1.801	30.082	0.177	0.000	0.000	0.000
4:56:16 PM	5.000	0.517	3.302	3.297	185.223	5752.364	1.112	6.961	1.353	1.000	28.724	77.383	57.984	74.931	0.756	0.750	72.384	72.352	72.318	72.220	72.251	72.874	72.305	78.121	1.887	-0.058	1.802	30.079	0.175	0.000	0.000	0.000
4:56:32 PM	5.000	0.775	3.490	3.485	185.225	5750.935	1.112	6.963	1.353	1.000	28.724	77.253	57.966	75.035	0.756	0.750	72.390	72.357	72.324	72.204	72.238	72.913	72.255	78.124	1.880	-0.058	1.800	30.082	0.172	0.000	0.000	0.000
4:56:46 PM	5.000	1.008	3.659	3.654	185.228	5751.671	1.112	6.962	1.353	1.000	28.724	77.337	57.978	74.968	0.756	0.750	72.404	72.366	72.329	72.222	72.262	72.900	72.291	78.122	1.884	-0.057	1.801	30.081	0.175	0.000	0.000	0.000

END