
Filename: 	Final Eng
2/13/2018	10:50 AM
Pitot_Cp	Venturi_k	Venturi_n	Nozzle_Diam [In]	DGM_Gamma
0.8400	0.7229	0.5082	0.2000	1.0020
% H2O
Estimate	% CO2
Estimate	% O2
Estimate	Temperature
Tstd [oF]	Pressure
Pstd [inHg] 	Port
Number	Traverse Points
at this port	Sample Time
at each pt [Minute]
1.000	0.000	20.800	68.000	29.920	1.000	1.000	15.000
Time 	Point	Minutes	Vol (DGM)	Volume,dscf	 Viscosity	 Reynolds	Cunningham	D50(pm10)	D50(pm2.5)	H2O% Vol	Wet Mol Wt	Vel, Stack	Vel, Nozzle	Isokinetic	Qv	Qdscfm	Stack	Probe	Filter Box	Dryer	Filter Out	DGM	aux	Console	Pitot	Static	Venturi	Barometer	Vacuum	NA6	NA7	NA8
10:52:23 AM	1.000	1.008	0.928	0.919	186.117	6961.357	Inf	6.395	NaN	1.000	28.724	72.104	71.024	98.502	0.928	0.912	76.098	75.960	75.783	75.320	75.108	76.665	74.829	75.850	1.626	-0.049	2.629	30.075	0.242	0.000	0.000	0.000
10:53:23 AM	1.000	2.016	1.856	1.839	186.151	7016.948	1.134	6.024	1.137	1.000	28.724	71.614	71.623	100.012	0.935	0.920	76.240	76.063	75.807	75.328	75.054	76.867	74.597	75.931	1.604	-0.048	2.646	30.075	0.244	0.000	0.000	0.000
10:54:24 AM	1.000	3.024	2.784	2.759	186.118	7021.492	1.134	6.022	1.137	1.000	28.724	71.641	71.635	99.992	0.936	0.920	76.102	75.902	75.784	75.393	75.094	76.630	74.783	76.007	1.605	-0.050	2.649	30.076	0.249	0.000	0.000	0.000
10:55:24 AM	1.000	4.033	3.712	3.678	186.125	7017.759	1.134	6.024	1.137	1.000	28.724	71.598	71.601	100.003	0.935	0.920	76.131	75.941	75.729	75.279	74.944	76.741	74.616	76.085	1.603	-0.048	2.645	30.077	0.244	0.000	0.000	0.000
10:56:25 AM	1.000	5.041	4.642	4.600	186.081	7039.490	1.135	6.012	1.134	1.000	28.724	71.810	71.783	99.963	0.937	0.922	75.947	75.835	75.655	75.280	74.983	76.428	74.759	76.160	1.613	-0.050	2.660	30.076	0.240	0.000	0.000	0.000
10:57:25 AM	1.000	6.049	5.580	5.530	186.059	7095.846	1.135	5.978	1.127	1.000	28.724	72.359	72.340	99.973	0.945	0.929	75.858	75.794	75.658	75.420	75.083	76.448	74.945	76.233	1.638	-0.051	2.702	30.075	0.244	0.000	0.000	0.000
10:58:26 AM	1.000	7.058	6.528	6.470	186.021	7180.598	1.137	5.929	1.116	1.000	28.724	73.185	73.161	99.967	0.956	0.940	75.701	75.624	75.522	75.268	74.880	76.268	74.787	76.308	1.677	-0.051	2.765	30.077	0.249	0.000	0.000	0.000
10:59:26 AM	1.000	8.066	7.485	7.419	186.077	7244.944	1.138	5.891	1.107	1.000	28.724	73.893	73.868	99.967	0.965	0.949	75.933	75.773	75.543	75.310	74.977	76.355	74.804	76.378	1.709	-0.051	2.816	30.077	0.251	0.000	0.000	0.000
11:00:27 AM	1.000	9.074	8.456	8.382	186.091	7348.066	1.140	5.832	1.093	1.000	28.724	74.953	74.926	99.964	0.979	0.963	75.991	75.795	75.546	75.210	74.786	76.487	74.494	76.450	1.758	-0.051	2.896	30.079	0.266	0.000	0.000	0.000
11:01:27 AM	1.000	10.083	9.440	9.357	186.071	7446.436	1.141	5.778	1.081	1.000	28.724	75.933	75.909	99.968	0.992	0.975	75.908	75.766	75.516	75.128	74.687	76.409	74.364	76.519	1.805	-0.050	2.973	30.078	0.275	0.000	0.000	0.000
11:02:28 AM	1.000	11.091	10.436	10.345	186.090	7541.671	1.143	5.725	1.069	1.000	28.724	76.924	76.896	99.964	1.005	0.988	75.986	75.751	75.513	75.070	74.605	76.317	74.189	76.583	1.852	-0.051	3.049	30.078	0.280	0.000	0.000	0.000
11:03:28 AM	1.000	12.099	11.446	11.346	186.099	7641.146	1.144	5.672	1.057	1.000	28.724	77.940	77.917	99.970	1.019	1.001	76.023	75.823	75.548	75.113	74.647	76.632	74.128	76.649	1.901	-0.050	3.129	30.078	0.282	0.000	0.000	0.000
11:04:29 AM	1.000	13.108	12.466	12.357	186.127	7713.568	1.146	5.634	1.049	1.000	28.724	78.705	78.682	99.971	1.029	1.011	76.138	75.909	75.630	75.141	74.789	76.485	74.317	76.715	1.938	-0.050	3.189	30.078	0.286	0.000	0.000	0.000
11:05:29 AM	1.000	14.116	13.496	13.378	186.146	7789.674	1.147	5.595	1.040	1.000	28.724	79.492	79.479	99.984	1.039	1.021	76.217	76.055	75.722	75.249	74.855	76.848	74.476	76.778	1.977	-0.051	3.254	30.077	0.290	0.000	0.000	0.000
11:06:23 AM	1.000	15.008	14.411	14.284	186.102	7325.843	Inf	5.872	NaN	1.000	28.724	74.803	74.715	99.878	0.976	0.960	76.035	75.870	75.638	75.247	74.889	76.554	74.574	76.365	1.753	-0.050	2.886	30.077	0.262	0.000	0.000	0.000

END