65
1
0
109
1
0
52
20
0
167
20
0
168
35
0
61
10
0
80
1
0
64
1
0
53
5
0
69
2
35
83
1
0
65
1
0
109
3
0
55
1
0
136
1
0
52
10
0
61
5
0
80
1
0
64
1
0
53
5
0
70
2
35
83
1
0
65
1
0
109
3
0
55
1
0
52
10
0
61
5
0
80
1
0
64
1
0
53
5
0
71
2
35
83
1
0
65
1
0
109
3
0
55
1
0
52
10
0
61
5
0
80
1
0
64
1
0
53
5
0
72
2
35
83
1
0
65
1
0
109
3
0
55
1
0
52
10
0
61
5
0
80
1
0
64
1
0
53
5
0
181
2
35
83
1
0
65
1
0
109
3
0
55
1
0
58
20
0
137
40
0
80
1
0
59
4
0
65
1
0
109
3
0
55
1
0
110
1
0
59
4
0
65
1
0
109
3
0
55
1
0
107
1
0
165
1
0
58
60
0
61
1
0
80
1
0
166
1
0
64
1
0
62
1
0
199
1
0
0
0
0
0
0
0
0
0
0
0
0
0
0
0
0
0
0
0
0
0
0
0
0
0
0
0
0
0
0
0
0
0
0
0
0
0
0
0
0
0
0
0
0
0
0
0
0
0
0
0
0
0
0
0
0
0
0
0
0
0
0
0
0
0
0
0
0
0
0
0
0
0
0
0
0
0
0
0
0
0
0
0
0
0
0
0
0
0
0
0
0
0
0
0
0
0
0
0
0
0
0
0
0
0
0
0
0
0
0
0
0
0
0
0
0
0
0
0
0
0
0
0
0
0
0
0
0
0
0
0
0
0
0
0
0
0
0
0
0
0
0
0
0
0
0
0
0
0
0
0
0
0
0
0
0
0
0
0
0
0
0
0
0
0
0
0
0
0
0
0
0
0
0
0
0
0
0
0
0
0
0
0
0
0
0
0
0
0
0
0
0
0
0
0
0
0
0
0
0
0
0
0
0
0
0
0
0
0
0
0
0
0
0
0
0
0
0
0
0
0
0
0
0
0
0
0
0
0
0
0
0
0
0
0
0
0
0
0
0
0
0
0
0
0
0
0
0
0
0
0
0
0
0
0
0
0
0
0
0
0
0
0
0
0
0
0
0
0
0
0
0
0
0
0
0
0
0
0
0
0
0
0
0
0
0
0
0
0
0
0
0
0
0
0
0
0
0
0
0
0
0
0
0
0
0
0
0
0
0
0
0
0
0
0
0
0
0
0
0
0
0
0
0
0
0
0
0
0
0
0
0
0
0
0
0
0
0
0
0
0
0
0
0
0
0
0
0
0
0
0
0
0
0
0
0
0
0
0
0
0
0
0
0
0
0
0
0
0
0
0
0
0
