65
1
0
171
1
0
107
1
0
109
1
0
52
50
0
186
3
0
187
1
0
65
1
0
108
1
0
52
30
0
172
30
0
65
1
0
110
1
0
59
4
0
65
1
0
109
3
0
55
1
0
165
1
0
52
45
0
61
10
0
186
3
0
187
1
0
80
1
0
64
1
0
107
1
0
56
180
0
65
1
0
53
4
0
72
3
50
83
2
0
65
1
0
109
3
0
55
1
0
110
1
0
53
4
0
181
3
30
83
3
0
65
1
0
109
3
0
55
1
0
110
1
0
56
180
0
83
720
0
66
1
0
166
1
0
80
200
0
118
2
0
119
1
0
59
4
0
65
1
0
109
3
0
55
1
0
165
1
0
52
65
0
166
25
0
167
1
0
52
50
0
61
10
0
186
3
0
187
1
0
80
1
0
64
1
0
168
1
0
107
1
0
56
180
0
65
1
0
53
4
0
65
10
0
93
1
0
69
2
5
83
5
0
65
1
0
55
1
0
52
20
0
65
1
0
53
4
0
70
2
7
83
3
0
65
1
0
55
1
0
56
150
0
65
1
0
80
1
0
109
1
0
52
60
0
61
10
0
80
1
0
64
80
0
107
1
0
53
4
0
71
3
20
83
3
0
65
1
0
109
3
0
55
1
0
110
1
0
56
150
0
65
30
0
67
1
0
109
1
0
136
1
0
58
40
0
137
40
0
165
30
0
80
1
0
59
3
0
65
1
0
109
3
0
55
1
0
110
1
0
59
4
0
65
1
0
109
3
0
55
1
0
107
1
0
165
1
0
58
45
0
61
1
0
80
1
0
64
1
0
166
1
0
62
1
0
199
1
0
0
0
0
0
0
0
0
0
0
0
0
0
0
0
0
0
0
0
0
0
0
0
0
0
0
0
0
0
0
0
0
0
0
0
0
0
0
0
0
0
0
0
0
0
0
0
0
0
0
0
0
0
0
0
0
0
0
0
0
0
0
0
0
0
0
0
0
0
0
0
0
0
0
0
0
0
0
0
0
0
0
0
0
0
0
0
0
0
0
0
0
0
0
0
0
0
0
0
0
0
0
0
0
0
0
0
0
0
0
0
0
0
0
0
0
0
0
0
0
0
0
0
0
0
0
0
0
0
0
0
0
0
0
0
0
0
0
0
0
0
0
0
0
0
0
0
0
0
0
0
0
0
0
0
0
0
0
0
0
0
0
0
0
0
0
0
0
0
0
0
0
0
0
0
0
0
0
0
0
0
0
0
0
0
0
0
0
0
0
0
0
0
0
0
0
0
0
0
0
0
0
0
0
0
0
0
0
0
0
0
0
0
0
0
0
0
0
0
0
0
0
0
0
0
0
0
0
0
0
0
0
