1
0
0
0
2
2
1
1
240.00
55.00
100.00
100.00
0
0
0
0
0.724
0.439
0.100
0.100
0.0068
0.0503
0.0100
0.0100
1.00
1.00
1.00
1.00
45
42
30
30
65
30
50
50
30
30
30
30
200.00
5.00
100.00
100.00
0.300
30.000
30.000
30.000
0.7244
74.2746
1.0000
1.0000
1.00
0.80
0.50
0.50
1
1
1
1
1.0000
1.0000
1.0000
1.0000
0.7244
0.6732
0.1000
0.1000
1
1
0.00
10
1.20
1
0.0000
0
0
0
0
1
500.00
500.00
500.00
500.00
0
0
0.00
0.00
0.00
0.00
0.00
0.00
0.00
0.00
0.00
0.00
0.00
0.00
0.00
0.00
0.00
0.00
0.00
0.00
0.00
0.00
0.00
0.00
0.00
0.00
0.00
0.00
0.00
0.00
0.00
0.00
0.00
0.00
0
0
0
0
0
0.0000
0
1
1
0
2
2000
2000
1
240.00
100.00
100.00
100.00
0.00
0.00
0.00
0.00
1.00
1.00
1.00
1.00
0
0
0
0
0.000
0.000
0.000
0.000
0.000
0.000
0.000
0.000
0.000
0.000
0.000
0.000
0.000
0.000
0.000
0.000
100.000
100.000
100.000
100.000
1.000
1.000
1.000
1.000
0
1500
1500
0.2000
0.1000
0.1000
0.1000
-0.0100
0.0000
0.0000
0.0000
10
10
10
10
1
1.0000
1.0000
1.0000
1.0000
1.0000
1.0000
1.0000
1.0000
0.0000
1.0000
1.0000
1.0000
1.0000
1.0000
1.0000
1.0000
1.0000
1.0000
1.0000
1.0000
1.0000
1.0000
1.0000
1.0000
1.0000
1.0000
1.0000
1.0000
0
0
0
0
0
0
