65
1
0
287
1
0
266
1
0
83
20
1
65
1
0
267
1
0
109
1
0
124
1
0
52
20
0
161
10
0
162
20
0
65
1
0
110
1
0
125
1
0
266
1
1
83
20
1
65
1
0
267
1
1
109
1
0
124
1
0
52
10
0
161
10
0
162
20
0
65
1
0
110
1
0
125
1
0
266
1
2
83
20
1
65
1
0
267
1
2
109
1
0
124
1
0
52
10
0
161
10
0
162
20
0
65
1
0
110
1
0
125
1
0
116
1
0
83
20
1
65
1
0
117
1
0
109
1
0
124
1
0
52
1
0
163
15
0
164
5
0
161
15
0
162
5
0
122
15
0
123
5
0
120
15
0
121
5
0
118
5
0
119
5
0
161
15
0
162
5
0
161
15
0
162
5
0
65
1
0
110
1
0
125
1
0
52
1
0
161
30
0
162
10
0
62
1
0
199
1
0
0
0
0
0
0
0
0
0
0
0
0
0
0
0
0
0
0
0
0
0
0
0
0
0
0
0
0
0
0
0
0
0
0
0
0
0
0
0
0
0
0
0
0
0
0
0
0
0
0
0
0
0
0
0
0
0
0
0
0
0
0
0
0
0
0
0
0
0
0
0
0
0
0
0
0
0
0
0
0
0
0
0
0
0
0
0
0
0
0
0
0
0
0
0
0
0
0
0
0
0
0
0
0
0
0
0
0
0
0
0
0
0
0
0
0
0
0
0
0
0
0
0
0
0
0
0
0
0
0
0
0
0
0
0
0
0
0
0
0
0
0
0
0
0
0
0
0
0
0
0
0
0
0
0
0
0
0
0
0
0
0
0
0
0
0
0
0
0
0
0
0
0
0
0
0
0
0
0
0
0
0
0
0
0
0
0
0
0
0
0
0
0
0
0
0
0
0
0
0
0
0
0
0
0
0
0
0
0
0
0
0
0
0
0
0
0
0
0
0
0
0
0
0
0
0
0
0
0
0
0
0
0
0
0
0
0
0
0
0
0
0
0
0
0
0
0
0
0
0
0
0
0
0
0
0
0
0
0
0
0
0
0
0
0
0
0
0
0
0
0
0
0
0
0
0
0
0
0
0
0
0
0
0
0
0
0
0
0
0
0
0
0
0
0
0
0
0
0
0
0
0
0
0
0
0
0
0
0
0
0
0
0
0
0
0
0
0
0
0
0
0
0
0
0
0
0
0
0
0
0
0
0
0
0
0
0
0
0
0
0
0
0
0
0
0
0
0
0
0
0
0
0
0
0
0
0
0
0
0
0
0
0
0
0
0
0
0
0
0
0
0
0
0
0
0
0
0
0
0
0
0
0
0
0
0
0
0
0
0
0
0
0
0
0
0
0
0
0
0
