65
1
0
52
20
0
124
1
0
109
1
0
52
30
0
125
1
0
110
1
0
161
1
0
52
27
0
162
25
0
65
1
0
288
1
0
66
1
0
266
1
0
83
1
1
65
1
0
267
1
0
52
30
0
65
300
0
287
1
0
366
1
0
52
20
0
124
1
0
109
25
0
161
1
0
125
1
0
110
45
0
162
30
0
124
1
0
109
35
0
161
1
0
125
1
0
110
20
0
162
25
0
65
1
0
288
1
0
380
1
2
307
1
42
287
1
0
79
5
0
306
1
45
78
5
0
93
1
0
124
1
0
109
1
0
52
30
0
161
1
0
52
20
0
65
1
0
83
10
0
125
1
0
110
20
0
186
1
0
187
1
0
65
1
0
162
2
0
124
1
0
109
1
0
52
25
0
161
20
0
65
2
0
107
1
0
110
1
0
125
1
0
52
10
0
162
75
0
124
1
0
109
25
0
65
2
0
110
1
0
125
1
0
108
1
0
161
1
0
83
52
0
186
1
0
187
1
0
162
80
0
65
1
0
52
35
0
65
1
0
83
30
1
65
1
0
124
1
0
109
1
0
52
25
0
161
15
0
162
30
0
65
2
0
125
1
0
110
1
0
83
1
0
161
32
0
186
1
0
187
1
0
162
60
0
65
1
0
288
1
0
66
1
0
266
1
0
83
2
1
65
1
0
267
1
0
52
30
0
65
300
0
287
1
0
366
1
0
107
1
0
83
75
1
65
1
0
108
1
0
52
1
0
161
35
0
162
30
0
124
1
0
109
1
0
52
40
0
65
1
0
110
1
0
125
1
0
65
600
0
107
1
0
83
240
0
288
1
0
66
1
0
108
1
0
65
3
0
266
1
2
83
4
1
65
1
0
267
1
2
287
1
0
52
25
0
79
1
0
306
1
50
78
1
0
65
30
0
93
1
0
288
1
0
66
1
0
116
1
0
83
4
1
65
1
0
117
1
0
52
25
0
65
1
0
266
1
1
83
4
1
65
1
0
267
1
1
83
80
0
65
1
0
52
30
0
66
1
0
65
300
0
366
1
0
287
1
0
79
1
0
306
1
45
78
1
0
57
25
0
67
1
0
52
3
0
124
1
0
109
30
0
161
15
0
162
30
0
161
1
0
125
1
0
110
35
0
162
30
0
124
1
0
109
40
0
161
1
0
125
1
0
110
1
0
107
15
0
162
5
0
161
25
0
162
80
0
108
1
0
124
1
0
109
45
0
161
1
0
125
1
0
110
25
0
162
10
0
65
1
0
288
1
0
62
1
0
199
1
0
0
0
0
0
0
0
0
0
0
0
0
0
0
0
0
0
0
0
0
0
0
0
0
0
0
0
0
0
0
0
