1
1
1
0
3
3
3
2
500.00
56.00
300.00
5.00
1
0
0
1
0.371
1.409
1.837
0.600
-0.0003
0.4063
0.1419
0.0023
1.00
1.00
1.00
1.00
1
45
45
45
1
75
75
70
1
600
600
1200
300.00
50.00
100.00
1.00
0.500
0.600
0.500
30.000
0.3707
1.4088
1.8370
1.6667
0.50
1.30
0.50
0.50
4
4
4
1
1.0000
1.0000
1.0000
1.0000
0.3707
1.4088
1.8370
1.0296
1
1
0.00
10
0.35
0
0.0000
0
0
0
0
1
500.00
50.00
500.00
500.00
0
0
0.00
0.00
0.00
0.00
0.00
0.00
0.00
0.00
0.00
0.00
0.00
0.00
0.00
0.00
0.00
0.00
0.00
0.00
0.00
0.00
0.00
0.00
0.00
0.00
0.00
0.00
0.00
0.00
0.00
0.00
0.00
0.00
0
0
0
0
0
0.0000
0
1
1
0
3
2000
2000
0
500.00
56.00
150.00
100.00
0.00
0.00
0.00
0.00
1.00
1.00
1.00
1.00
0
0
0
0
0.000
0.000
0.000
0.000
0.000
0.000
0.000
0.000
0.000
0.000
0.000
0.000
0.000
0.000
0.000
0.000
100.000
100.000
100.000
100.000
1.000
1.000
1.000
1.000
0
1500
1500
0.0500
0.5000
0.5000
0.1000
-0.0500
-0.1000
-0.0100
0.0000
10
10
10
10
0
1.0000
1.0000
1.0000
1.0000
1.0000
1.0000
1.0000
1.0000
0.0000
0.0000
0.0000
0.0000
1.0000
1.0000
1.0000
1.0000
1.0000
1.0000
1.0000
1.0000
1.0000
1.0000
1.0000
1.0000
1.0000
1.0000
1.0000
1.0000
0
0
0
0
0
0
